0,454
0,384
84,8
84,7
84,6
84,5
0,453
84,4
84,3
84,2
0,451
84,1
84,0
14,12
83,8
83,7
83,6
0,449
83,5
83,4
83,3
83,2
0,450
83,1
83,0
82,8
82,7
82,6
82,5
82,4
82,3
82,2
82,1
82,0
81,8
81,7
81,6
81,5
81,4
81,3
81,2
81,1
81,0
80,8
80,7
80,6
80,5
80,4
80,3
80,2
80,1
80,0
79,8
79,7
79,6
79,5
79,4
79,3
79,2
79,1
79,0
78,8
78,7
78,6
78,5
78,4
78,3
78,2
78,1
78,0
14,11
77,8
77,7
77,6
77,5
77,4
77,3
77,2
77,1
77,0
76,8
76,7
76,6
76,5
76,4
76,3
76,2
76,1
76,0
75,8
75,7
75,6
75,5
75,4
75,3
75,2
75,1
75,0
74,8
74,7
74,6
74,5
74,4
74,3
74,2
74,1
74,0
73,8
73,7
73,6
73,5
73,4
73,3
73,2
73,1
73,0
72,8
72,7
72,6
72,5
72,4
72,3
72,2
72,1
72,0
71,8
71,7
71,6
71,5
71,4
71,3
71,2
71,1
71,0
14,10
70,8
70,7
70,6
70,5
70,4
70,3
70,2
70,1
70,0
69,9
69,8
69,7
69,6
69,5
69,4
69,3
69,2
69,1
69,0
68,8
68,7
68,6
68,5
68,4
68,3
68,2
68,1
68,0
67,8
67,7
67,6
67,5
67,4
67,3
67,2
67,1
67,0
66,8
66,7
66,6
0,0
66,5
66,4
66,3
66,2
66,1
66,0
65,8
65,7
65,6
65,5
65,4
65,3
65,2
65,1
65,0
14,9
64,8
64,7
64,6
64,5
64,4
64,3
64,2
64,1
64,0
63,8
63,7
63,6
63,5
63,4
63,3
63,2
0,269
63,1
63,0
0,268
0,267
62,8
62,7
62,6
62,5
62,4
62,3
62,2
0,266
62,1
62,0
0,265
0,264
61,8
61,7
61,6
61,5
61,4
61,3
61,2
0,263
61,1
61,0
0,262
0,261
60,8
60,7
60,6
60,5
60,4
60,3
60,2
0,260
60,1
60,0
0,259
0,258
59,8
59,7
59,6
59,5
59,4
59,3
59,2
0,257
59,1
59,0
0,256
0,255
58,8
58,7
58,6
58,5
58,4
58,3
58,2
0,254
58,1
58,0
14,8
14,2
14,0
0,253
0,252
57,8
57,7
57,6
57,5
57,4
57,3
57,2
0,251
57,1
57,0
0,250
0,249
56,8
56,7
56,6
56,5
56,4
56,3
56,2
0,248
56,1
56,0
0,247
0,246
55,8
55,7
55,6
55,5
55,4
55,3
55,2
0,245
55,1
55,0
0,244
0,242
54,8
54,7
54,6
54,5
54,4
54,3
54,2
0,241
54,1
54,0
0,240
0,239
53,8
53,7
53,6
